31 
2 
6 6 
1.000000000000000000e+00 0.000000000000000000e+00 -1.000000000000000000e+00 0.000000000000000000e+00 0.000000000000000000e+00 0.000000000000000000e+00 0.000000000000000000e+00 0.000000000000000000e+00 0.000000000000000000e+00 0.000000000000000000e+00 -1.000000000000000000e+00 0.000000000000000000e+00 0.000000000000000000e+00 0.000000000000000000e+00 0.000000000000000000e+00 0.000000000000000000e+00 0.000000000000000000e+00 0.000000000000000000e+00 0.000000000000000000e+00 0.000000000000000000e+00 0.000000000000000000e+00 0.000000000000000000e+00 0.000000000000000000e+00 0.000000000000000000e+00 0.000000000000000000e+00 0.000000000000000000e+00 0.000000000000000000e+00 0.000000000000000000e+00 0.000000000000000000e+00 0.000000000000000000e+00 0.000000000000000000e+00 
1 1 1 1 1.000000000000000000e+01 
1 2 1 1 1.000000000000000000e+00 
2 1 2 1 1.000000000000000000e+01 
2 2 2 1 1.000000000000000000e+00 
3 1 2 2 1.000000000000000000e+01 
3 1 1 1 1.000000000000000000e+00 
3 2 2 2 1.000000000000000000e+00 
3 2 1 1 -1.000000000000000000e+00 
4 1 2 1 1.000000000000000000e+00 
4 2 2 1 -1.000000000000000000e+00 
5 1 2 2 1.000000000000000000e+00 
5 2 2 2 -1.000000000000000000e+00 
6 1 3 1 1.000000000000000000e+01 
6 2 3 1 1.000000000000000000e+00 
7 1 3 2 1.000000000000000000e+01 
7 1 4 1 1.000000000000000000e+01 
7 2 3 2 1.000000000000000000e+00 
7 2 4 1 1.000000000000000000e+00 
8 1 4 2 1.000000000000000000e+01 
8 1 3 1 1.000000000000000000e+00 
8 2 4 2 1.000000000000000000e+00 
8 2 3 1 -1.000000000000000000e+00 
9 1 3 2 1.000000000000000000e+00 
9 1 4 1 1.000000000000000000e+00 
9 2 3 2 -1.000000000000000000e+00 
9 2 4 1 -1.000000000000000000e+00 
10 1 4 2 1.000000000000000000e+00 
10 2 4 2 -1.000000000000000000e+00 
11 1 3 3 1.000000000000000000e+01 
11 1 5 1 1.000000000000000000e+01 
11 1 1 1 1.000000000000000000e+00 
11 2 3 3 1.000000000000000000e+00 
11 2 5 1 1.000000000000000000e+00 
11 2 1 1 -1.000000000000000000e+00 
12 1 4 3 1.000000000000000000e+01 
12 1 5 2 1.000000000000000000e+01 
12 1 2 1 1.000000000000000000e+00 
12 2 4 3 1.000000000000000000e+00 
12 2 5 2 1.000000000000000000e+00 
12 2 2 1 -1.000000000000000000e+00 
13 1 4 4 1.000000000000000000e+01 
13 1 3 3 1.000000000000000000e+00 
13 1 5 1 1.000000000000000000e+00 
13 1 2 2 1.000000000000000000e+00 
13 2 4 4 1.000000000000000000e+00 
13 2 3 3 -1.000000000000000000e+00 
13 2 5 1 -1.000000000000000000e+00 
13 2 2 2 -1.000000000000000000e+00 
14 1 4 3 1.000000000000000000e+00 
14 1 5 2 1.000000000000000000e+00 
14 2 4 3 -1.000000000000000000e+00 
14 2 5 2 -1.000000000000000000e+00 
15 1 4 4 1.000000000000000000e+00 
15 2 4 4 -1.000000000000000000e+00 
16 1 5 3 1.000000000000000000e+01 
16 1 6 1 1.000000000000000000e+01 
16 1 3 1 1.000000000000000000e+00 
16 2 5 3 1.000000000000000000e+00 
16 2 6 1 1.000000000000000000e+00 
16 2 3 1 -1.000000000000000000e+00 
17 1 5 4 1.000000000000000000e+01 
17 1 6 2 1.000000000000000000e+01 
17 1 3 2 1.000000000000000000e+00 
17 1 4 1 1.000000000000000000e+00 
17 2 5 4 1.000000000000000000e+00 
17 2 6 2 1.000000000000000000e+00 
17 2 3 2 -1.000000000000000000e+00 
17 2 4 1 -1.000000000000000000e+00 
18 1 5 3 1.000000000000000000e+00 
18 1 6 1 1.000000000000000000e+00 
18 1 4 2 1.000000000000000000e+00 
18 2 5 3 -1.000000000000000000e+00 
18 2 6 1 -1.000000000000000000e+00 
18 2 4 2 -1.000000000000000000e+00 
19 1 5 4 1.000000000000000000e+00 
19 1 6 2 1.000000000000000000e+00 
19 2 5 4 -1.000000000000000000e+00 
19 2 6 2 -1.000000000000000000e+00 
20 1 5 5 1.000000000000000000e+01 
20 1 6 3 1.000000000000000000e+01 
20 1 3 3 1.000000000000000000e+00 
20 1 5 1 1.000000000000000000e+00 
20 2 5 5 1.000000000000000000e+00 
20 2 6 3 1.000000000000000000e+00 
20 2 3 3 -1.000000000000000000e+00 
20 2 5 1 -1.000000000000000000e+00 
21 1 6 4 1.000000000000000000e+01 
21 1 4 3 1.000000000000000000e+00 
21 1 5 2 1.000000000000000000e+00 
21 2 6 4 1.000000000000000000e+00 
21 2 4 3 -1.000000000000000000e+00 
21 2 5 2 -1.000000000000000000e+00 
22 1 5 5 1.000000000000000000e+00 
22 1 6 3 1.000000000000000000e+00 
22 1 4 4 1.000000000000000000e+00 
22 2 5 5 -1.000000000000000000e+00 
22 2 6 3 -1.000000000000000000e+00 
22 2 4 4 -1.000000000000000000e+00 
23 1 6 4 1.000000000000000000e+00 
23 2 6 4 -1.000000000000000000e+00 
24 1 6 5 1.000000000000000000e+01 
24 1 5 3 1.000000000000000000e+00 
24 1 6 1 1.000000000000000000e+00 
24 2 6 5 1.000000000000000000e+00 
24 2 5 3 -1.000000000000000000e+00 
24 2 6 1 -1.000000000000000000e+00 
25 1 5 4 1.000000000000000000e+00 
25 1 6 2 1.000000000000000000e+00 
25 2 5 4 -1.000000000000000000e+00 
25 2 6 2 -1.000000000000000000e+00 
26 1 6 5 1.000000000000000000e+00 
26 2 6 5 -1.000000000000000000e+00 
27 1 6 6 1.000000000000000000e+01 
27 1 5 5 1.000000000000000000e+00 
27 1 6 3 1.000000000000000000e+00 
27 2 6 6 1.000000000000000000e+00 
27 2 5 5 -1.000000000000000000e+00 
27 2 6 3 -1.000000000000000000e+00 
28 1 6 4 1.000000000000000000e+00 
28 2 6 4 -1.000000000000000000e+00 
29 1 6 6 1.000000000000000000e+00 
29 2 6 6 -1.000000000000000000e+00 
30 1 6 5 1.000000000000000000e+00 
30 2 6 5 -1.000000000000000000e+00 
31 1 6 6 1.000000000000000000e+00 
31 2 6 6 -1.000000000000000000e+00 
