0.000000000000000000e+00 0.000000000000000000e+00 0.000000000000000000e+00 0.000000000000000000e+00 0.000000000000000000e+00 0.000000000000000000e+00 0.000000000000000000e+00 0.000000000000000000e+00 0.000000000000000000e+00 0.000000000000000000e+00 0.000000000000000000e+00 0.000000000000000000e+00 0.000000000000000000e+00 0.000000000000000000e+00 0.000000000000000000e+00 0.000000000000000000e+00 0.000000000000000000e+00 0.000000000000000000e+00 0.000000000000000000e+00 0.000000000000000000e+00 0.000000000000000000e+00 0.000000000000000000e+00 0.000000000000000000e+00 0.000000000000000000e+00 0.000000000000000000e+00 0.000000000000000000e+00 0.000000000000000000e+00 0.000000000000000000e+00 0.000000000000000000e+00 0.000000000000000000e+00 0.000000000000000000e+00 
1 1 1 1 4.662283088278380015e-60 
1 1 1 5 -7.727528654305278038e-60 
1 1 2 2 4.656713073172720895e-60 
1 1 3 3 8.650793376224460002e-60 
1 1 3 6 -3.126930195465074360e-60 
1 1 4 4 1.653424245906511839e-59 
1 1 5 5 2.253089273225719551e-59 
1 1 6 6 4.695385987092110908e-60 
1 2 1 1 1.000000000550224716e-50 
1 2 1 5 -1.669138215363813339e-53 
1 2 2 2 6.278414758695904210e-60 
1 2 3 3 3.338288490102583496e-53 
1 2 3 6 -1.426673165154380088e-56 
1 2 4 4 1.627690303402538226e-59 
1 2 5 5 2.855068475564233124e-56 
1 2 6 6 7.321412049826980453e-60 
2 1 1 1 4.662283088278379960e-10 
2 1 1 5 -7.727528654305277469e-10 
2 1 2 2 4.656713073172720689e-10 
2 1 3 3 8.650793376224459647e-10 
2 1 3 6 -3.126930195465074251e-10 
2 1 4 4 1.653424245906511837e-09 
2 1 5 5 2.253089273225719402e-09 
2 1 6 6 4.695385987092111055e-10 
2 2 1 1 1.000000000550224755e+00 
2 2 1 5 -1.669138215363813287e-03 
2 2 2 2 6.278414758695904003e-10 
2 2 3 3 3.338288490102583536e-03 
2 2 3 6 -1.426673165154380009e-06 
2 2 4 4 1.627690303402538260e-09 
2 2 5 5 2.855068475564233298e-06 
2 2 6 6 7.321412049826980785e-10 
